0.0 -31.2
0.0 -32.1
0.0 -33.1
1.2 -31.2
1.2 -32.1
1.2 -33.1
129.0 -0.5
129.0 -1.5
129.0 0.5
129.0 1.5
129.4 2.5
130.0 -0.5
130.0 -1.5
130.0 0.5
130.0 1.5
130.4 2.5
131.0 -0.5
131.0 -1.5
131.0 0.5
131.4 2.5
132.0 -0.5
132.0 -1.5
132.0 0.5
132.0 1.5
132.4 2.5
133.0 -0.5
133.0 -1.5
133.0 0.5
133.0 1.5
133.4 2.5
134.0 -0.5
134.0 -1.5
134.0 0.5
134.0 1.5
134.4 2.5
135.0 -0.5
135.0 -1.5
135.0 0.5
135.0 1.5
135.4 2.5
136.0 -0.5
136.0 -1.5
136.0 0.5
136.0 1.5
136.4 2.5
137.0 -0.5
137.0 -1.5
137.0 0.5
137.0 1.5
137.4 2.5
138.0 -0.5
138.0 -1.5
138.0 0.5
138.0 1.5
138.4 2.5
139.0 -0.5
139.0 -1.5
139.0 0.5
139.0 1.5
139.4 2.5
140.0 -0.5
140.0 -1.5
140.0 0.5
140.4 2.5
141.0 -0.5
141.0 -1.5
141.0 0.5
141.0 1.5
141.4 2.5
150.1 2.2
156.0 0.5
157.0 0.5
158.0 0.5
159.0 0.5
160.0 0.5
161.0 0.5
162.0 0.5
163.0 0.5
164.0 0.5
165.0 0.5
168.0 0.5
169.0 0.5
172.0 -0.5
172.0 -1.5
172.0 0.5
172.0 1.5
172.5 -2.5
172.5 2.5
173.0 -0.5
173.0 -1.5
173.0 0.5
173.0 1.5
173.5 -2.5
173.5 2.5
174.0 -0.5
174.0 0.5
174.0 1.5
174.5 -2.5
174.5 2.5
175.0 -0.5
175.0 -1.5
175.0 0.5
175.0 1.5
175.5 2.5
176.0 -0.5
176.0 -1.5
176.0 0.5
176.0 1.5
176.5 -2.5
176.5 2.5
177.0 -0.5
177.0 -1.5
177.0 0.5
177.0 1.5
177.5 -2.5
177.5 2.5
178.0 -0.5
178.0 -1.5
178.0 0.5
178.0 1.5
178.5 -2.5
178.5 2.5
179.0 -0.5
179.0 -1.5
179.0 0.5
179.0 1.5
179.5 -2.5
179.5 2.5
180.0 -0.5
180.0 -1.5
180.0 0.5
180.0 1.5
180.5 -2.5
180.5 2.5
181.0 -0.5
181.0 -1.5
181.0 0.5
181.0 1.5
181.5 -2.5
181.5 2.5
182.0 -0.5
182.0 -1.5
182.0 0.5
182.0 1.5
182.5 -2.5
182.5 2.5
183.0 -0.5
183.0 -1.5
183.0 0.5
183.0 1.5
183.5 -2.5
183.5 2.5
184.0 -0.5
184.0 -1.5
184.0 0.5
184.0 1.5
184.5 -2.5
184.5 2.5
185.0 -0.5
185.0 -1.5
185.0 0.5
185.0 1.5
185.5 -2.5
185.5 2.5
186.0 -0.5
186.0 -1.5
186.0 0.5
186.0 1.5
186.5 2.5
187.0 -0.5
187.0 -1.5
187.0 0.5
187.0 1.5
187.5 -2.5
187.5 2.5
188.0 -0.5
188.0 0.5
189.0 -0.5
19.2 -34.1
191.5 2.5
197.0 -0.5
199.0 -0.5
206.0 0.5
207.0 -0.5
207.0 0.5
210.6 -2.5
210.6 2.5
211.0 -0.5
211.0 -1.5
211.0 0.5
211.0 1.5
211.6 -2.5
211.6 2.5
212.0 -0.5
212.0 -1.5
212.0 0.5
212.0 1.5
212.6 -2.5
212.6 2.5
213.0 -1.5
213.0 0.5
213.0 1.5
213.6 -2.5
213.6 2.5
214.0 -0.5
214.0 -1.5
214.0 0.5
214.0 1.5
214.6 -2.5
214.6 2.5
215.0 -0.5
215.0 -1.5
215.0 0.5
215.0 1.5
215.6 -2.5
215.6 2.5
216.0 -0.5
216.0 0.5
216.0 1.5
216.6 -2.5
216.6 2.5
217.0 -0.5
217.0 -1.5
217.0 0.5
217.0 1.5
217.6 -2.5
217.6 2.5
218.0 -0.5
218.0 -1.5
218.0 0.5
218.0 1.5
218.6 -2.5
218.6 2.5
219.0 -0.5
219.0 -1.5
219.0 0.5
219.0 1.5
219.6 -2.5
219.6 2.5
220.0 -0.5
220.0 -1.5
220.0 0.5
220.0 1.5
220.6 -2.5
220.6 2.5
221.0 -0.5
221.0 -1.5
221.0 0.5
221.0 1.5
221.6 -2.5
221.6 2.5
222.0 -0.5
222.0 -1.5
222.0 0.5
222.0 1.5
222.6 -2.5
222.6 2.5
223.0 -0.5
223.0 -1.5
223.0 0.5
223.0 1.5
223.6 -2.5
223.6 2.5
224.0 -0.5
224.0 -1.5
224.0 0.5
224.0 1.5
224.6 -2.5
224.6 2.5
225.0 -0.5
225.0 0.5
226.0 -0.5
226.0 0.5
227.0 -0.5
228.0 -0.5
230.0 -0.5
230.0 0.5
231.0 -0.5
231.0 0.5
232.0 -0.5
232.0 0.5
232.0 1.5
233.0 -0.5
233.0 0.5
234.0 -0.5
234.0 0.5
235.0 -0.5
235.0 0.5
236.0 -0.5
236.0 0.5
236.7 2.5
237.0 -0.5
237.0 0.5
237.7 2.5
238.0 -0.5
238.0 0.5
238.0 1.5
3.5 -31.2
3.6 -33.1
3.6 -34.1
32.6 -31.2
32.9 -32.1
329.4 -32.1
329.7 -31.2
33.3 -33.1
33.4 -30.2
33.6 -34.1
33.8 -31.2
330.3 -33.1
330.6 -32.1
330.9 -31.2
331.5 -33.1
331.8 -32.1
332.0 -31.2
332.7 -33.1
333.9 -33.1
335.0 -33.1
335.3 -32.1
335.5 -31.2
336.2 -33.1
336.5 -32.1
336.7 -31.2
337.2 -29.2
337.4 -33.1
337.6 -32.1
338.4 -34.1
338.6 -33.1
338.8 -32.1
339.0 -31.2
339.3 -30.2
339.6 -34.1
339.8 -33.1
34.1 -32.1
34.5 -30.2
34.5 -33.1
34.8 -34.1
340.0 -32.1
340.2 -31.2
340.4 -30.2
340.8 -34.1
341.2 -32.1
341.4 -31.2
341.6 -30.2
341.8 -29.2
342.0 -34.1
342.2 -33.1
342.4 -32.1
342.5 -31.2
342.7 -30.2
342.9 -29.2
343.2 -34.1
343.4 -33.1
343.5 -32.1
343.7 -31.2
344.4 -34.1
344.6 -33.1
344.7 -32.1
344.9 -31.2
345.2 -29.2
345.6 -34.1
345.7 -33.1
345.9 -32.1
346.0 -31.2
346.2 -30.2
346.8 -34.1
346.9 -33.1
347.1 -32.1
347.2 -31.2
347.3 -30.2
348.0 -34.1
348.1 -33.1
348.2 -32.1
348.5 -30.2
349.2 -34.1
349.3 -33.1
349.4 -32.1
349.5 -31.2
349.6 -30.2
349.7 -29.2
35.0 -31.2
35.3 -32.1
35.6 -33.1
35.7 -30.2
350.4 -34.1
350.5 -33.1
350.6 -32.1
350.7 -31.2
350.8 -30.2
350.9 -29.2
351.6 -34.1
351.7 -33.1
351.8 -31.2
351.8 -32.1
351.9 -30.2
352.8 -34.1
352.9 -32.1
352.9 -33.1
353.0 -31.2
354.0 -34.1
354.1 -32.1
354.1 -33.1
354.2 -31.2
355.2 -33.1
355.3 -31.2
355.3 -32.1
356.4 -33.1
356.5 -31.2
356.5 -32.1
357.6 -32.1
357.6 -33.1
357.7 -31.2
358.8 -31.2
358.8 -32.1
358.8 -33.1
36.0 -34.1
36.1 -31.2
36.5 -32.1
36.8 -30.2
36.8 -33.1
37.2 -34.1
37.6 -32.1
38.0 -30.2
38.0 -33.1
38.4 -31.2
38.4 -34.1
38.8 -32.1
39.1 -30.2
39.2 -33.1
39.6 -31.2
39.6 -34.1
4.7 -31.2
4.7 -32.1
4.8 -34.1
40.0 -32.1
40.3 -30.2
40.4 -33.1
40.8 -31.2
40.8 -34.1
41.4 -30.2
41.6 -33.1
41.9 -31.2
42.0 -34.1
42.4 -32.1
42.6 -30.2
42.8 -33.1
43.1 -31.2
43.2 -34.1
43.5 -32.1
43.7 -30.2
44.0 -33.1
44.3 -31.2
44.4 -34.1
44.7 -32.1
44.9 -30.2
45.1 -33.1
45.4 -31.2
45.6 -34.1
45.9 -32.1
46.0 -30.2
46.3 -33.1
46.6 -31.2
46.8 -34.1
47.1 -32.1
47.2 -30.2
47.5 -33.1
47.8 -31.2
48.0 -34.1
48.2 -32.1
48.3 -30.2
48.7 -33.1
48.9 -31.2
49.2 -34.1
49.4 -32.1
49.5 -30.2
49.9 -33.1
50.0 -26.2
50.1 -29.2
50.1 -31.2
50.4 -34.1
50.6 -30.2
50.6 -32.1
51.1 -33.1
51.3 -31.2
51.6 -34.1
51.8 -30.2
51.8 -32.1
52.3 -33.1
52.4 -31.2
52.8 -34.1
53.5 -33.1
